alpha: 2.713363220235669
amplitude: 9.04885468189775e+35
beta: 130.91386385616929
e_0: 10.0
e_cutoff: 22648.85820076975
